From	To	Enzyme
1	2	1
3	2	2
4	2	2
5	2	2
6	9	3
7	9	3
8	9	3
10	6	3
11	6	3
12	6	3
13	12	3
14	12	3
15	14	3
16	18	4
17	18	4
18	19	1
18	20	5
21	22	6
20	23	1
19	23	5
21	24	1
18	25	7
19	26	7
25	26	1
25	27	5
27	28	1
26	28	5
29	30	1
28	30	8
27	29	8
31	32	1
28	32	5
33	32	5
34	35	1
32	35	8
30	35	5
36	37	1
38	37	9
39	37	9
25	40	10
26	41	10
40	41	1
40	42	5
43	44	1
41	44	5
43	45	8
42	47	5
46	47	5
47	48	1
49	48	5
50	48	5
51	52	1
53	52	8
54	52	5
55	56	1
48	56	8
57	56	5
47	55	8
58	55	5
59	60	1
61	60	8
56	60	5
62	60	5
63	64	8
65	64	5
66	64	5
41	67	11
68	67	10
69	67	1
70	53	1
71	53	5
72	53	5
73	74	1
52	74	8
75	74	8
76	77	1
78	77	5
53	77	5
79	77	5
80	81	1
77	81	8
82	81	5
52	81	5
76	80	8
83	80	5
51	80	5
80	85	8
84	85	8
73	85	5
86	87	1
88	87	5
77	87	5
89	87	5
90	87	5
91	92	1
87	92	8
93	92	5
81	92	5
94	92	5
95	96	1
92	96	8
97	96	8
98	96	5
99	96	5
100	101	1
102	101	8
96	101	8
103	101	8
104	101	5
105	106	1
107	106	8
108	106	8
101	106	8
109	106	8
86	110	8
111	110	5
112	110	5
113	110	5
110	115	8
114	115	8
116	115	5
117	115	5
118	120	8
119	120	8
115	120	8
121	120	5
122	1	2
123	1	2
124	1	2
122	3	1
125	3	6
126	3	2
127	3	2
123	4	1
128	4	6
126	4	2
129	4	2
124	5	1
130	5	6
127	5	2
129	5	2
11	7	3
131	7	3
12	8	3
131	8	3
132	10	3
13	10	3
132	11	3
14	11	3
15	13	3
21	16	4
21	17	4
9	21	12
27	31	5
133	31	5
23	33	7
133	33	1
26	33	5
31	34	8
29	34	5
134	36	9
135	36	9
134	38	1
136	38	5
32	38	9
135	39	1
137	39	5
32	39	9
40	43	5
40	46	5
42	49	1
41	49	5
46	50	1
41	50	5
70	51	8
138	51	5
138	54	1
71	54	8
58	57	1
50	57	8
46	58	8
63	59	8
55	59	5
139	59	5
63	61	1
48	61	5
140	61	5
141	61	5
139	62	1
141	62	8
57	62	5
47	63	5
142	63	5
143	63	5
47	65	8
144	65	5
142	66	8
144	66	5
145	68	7
26	68	11
146	68	1
40	69	11
146	69	10
147	70	5
148	70	5
147	71	1
67	71	5
148	72	1
67	72	5
51	73	8
149	73	8
149	75	1
53	75	8
150	75	5
151	76	5
70	76	5
152	76	5
151	78	1
71	78	5
153	78	5
152	79	1
153	79	5
72	79	5
83	82	1
78	82	8
54	82	5
151	83	8
138	83	5
76	84	8
149	84	5
154	84	5
155	86	5
76	86	5
156	86	5
157	86	5
155	88	1
78	88	5
158	88	5
159	88	5
156	89	1
158	89	5
53	89	5
160	89	5
157	90	1
159	90	5
79	90	5
160	90	5
86	91	8
161	91	5
80	91	5
162	91	5
161	93	1
88	93	8
82	93	5
163	93	5
162	94	1
89	94	8
163	94	5
52	94	5
91	95	8
164	95	8
85	95	5
165	95	5
164	97	1
87	97	8
166	97	5
167	97	5
168	97	5
85	98	1
81	98	8
166	98	8
74	98	5
165	99	1
94	99	8
167	99	8
74	99	5
119	100	8
95	100	8
169	100	8
170	100	5
119	102	1
92	102	8
171	102	8
172	102	5
173	102	5
169	103	1
171	103	8
97	103	8
174	103	5
175	103	5
170	104	1
173	104	8
99	104	8
174	104	8
120	105	8
176	105	8
100	105	8
177	105	8
120	107	1
178	107	8
102	107	8
179	107	8
180	107	5
176	108	1
178	108	8
96	108	8
181	108	8
182	108	5
177	109	1
179	109	8
181	109	8
103	109	8
183	109	5
155	111	8
184	111	5
185	111	5
76	112	8
184	112	5
186	112	5
157	113	8
185	113	5
186	113	5
86	114	8
187	114	5
188	114	5
189	114	5
111	116	8
187	116	8
190	116	5
113	117	8
189	117	8
190	117	5
91	118	8
110	118	8
191	118	5
192	118	5
91	119	8
114	119	8
193	119	5
194	119	5
191	121	8
193	121	8
116	121	8
195	122	6
196	122	2
197	122	2
198	123	6
196	123	2
199	123	2
200	124	6
197	124	2
199	124	2
195	125	1
201	125	2
202	125	2
196	126	1
201	126	6
203	126	6
204	126	2
197	127	1
202	127	6
205	127	6
204	127	2
198	128	1
203	128	2
206	128	2
199	129	1
206	129	6
207	129	6
204	129	2
200	130	1
205	130	2
207	130	2
14	131	3
15	132	3
20	133	7
25	133	5
208	134	5
31	134	9
209	135	5
31	135	9
208	136	1
28	136	9
210	137	7
209	137	1
33	137	9
147	138	8
143	139	8
58	139	5
142	140	1
49	140	5
44	140	5
143	141	1
50	141	5
44	141	5
42	142	5
43	142	5
46	143	5
43	143	5
42	144	8
19	145	11
211	145	1
211	146	7
25	146	11
69	147	5
69	148	5
70	149	8
212	149	5
212	150	1
72	150	8
147	151	5
213	151	5
213	152	5
148	152	5
213	153	1
67	153	5
152	154	8
212	154	5
151	155	5
214	155	5
215	155	5
214	156	5
70	156	5
216	156	5
215	157	5
152	157	5
216	157	5
214	158	1
71	158	5
217	158	5
215	159	1
153	159	5
217	159	5
216	160	1
217	160	5
72	160	5
155	161	8
83	161	5
218	161	5
156	162	8
218	162	5
51	162	5
218	163	1
158	163	8
54	163	5
86	164	8
84	164	5
219	164	5
220	164	5
162	165	8
219	165	8
73	165	5
84	166	1
77	166	8
75	166	5
221	166	5
219	167	1
89	167	8
75	167	5
222	167	5
220	168	1
90	168	8
221	168	5
222	168	5
114	169	8
164	169	8
223	169	5
224	169	5
194	170	8
165	170	8
223	170	8
114	171	1
87	171	8
225	171	5
226	171	5
227	171	5
193	172	1
93	172	8
225	172	8
228	172	5
194	173	1
94	173	8
226	173	8
228	173	5
223	174	1
226	174	8
167	174	8
229	174	5
224	175	1
227	175	8
168	175	8
229	175	5
118	176	8
95	176	8
230	176	8
231	176	5
115	177	8
230	177	8
169	177	8
232	177	5
118	178	1
92	178	8
233	178	8
234	178	5
235	178	5
115	179	1
233	179	8
171	179	8
236	179	5
237	179	5
121	180	1
234	180	8
172	180	8
236	180	8
230	181	1
233	181	8
97	181	8
238	181	5
239	181	5
231	182	1
235	182	8
98	182	8
238	182	8
232	183	1
237	183	8
239	183	8
175	183	8
151	184	8
240	184	5
215	185	8
240	185	5
152	186	8
240	186	5
155	187	8
241	187	5
242	187	5
156	188	8
241	188	5
243	188	5
157	189	8
242	189	5
243	189	5
185	190	8
242	190	8
161	191	8
111	191	8
244	191	5
80	192	8
112	192	8
244	192	5
161	193	8
187	193	8
245	193	5
162	194	8
188	194	8
245	194	5
246	195	2
247	195	2
246	196	6
248	196	6
249	196	2
247	197	6
250	197	6
249	197	2
248	198	2
251	198	2
251	199	6
252	199	6
249	199	2
250	200	2
252	200	2
246	201	1
253	201	6
254	201	2
247	202	1
255	202	6
254	202	2
248	203	1
253	203	6
256	203	2
249	204	1
254	204	6
256	204	6
257	204	6
250	205	1
255	205	6
257	205	2
251	206	1
258	206	6
256	206	2
252	207	1
258	207	6
257	207	2
27	208	9
259	209	7
133	209	9
259	210	1
23	210	9
18	211	11
148	212	8
69	213	5
147	214	5
260	214	5
213	215	5
260	215	5
260	216	5
148	216	5
260	217	1
67	217	5
214	218	8
138	218	5
156	219	8
149	219	5
261	219	5
157	220	8
154	220	5
261	220	5
154	221	1
79	221	8
150	221	5
261	222	1
160	222	8
150	222	5
188	223	8
219	223	8
262	223	5
189	224	8
220	224	8
262	224	5
187	225	1
88	225	8
263	225	5
264	225	5
188	226	1
89	226	8
263	226	5
265	226	5
189	227	1
90	227	8
264	227	5
265	227	5
245	228	1
163	228	8
263	228	8
262	229	1
265	229	8
222	229	8
110	230	8
164	230	8
266	230	5
267	230	5
192	231	8
85	231	8
266	231	8
117	232	8
267	232	8
224	232	8
110	233	1
87	233	8
268	233	5
269	233	5
270	233	5
191	234	1
93	234	8
268	234	8
271	234	5
192	235	1
81	235	8
269	235	8
271	235	5
116	236	1
268	236	8
225	236	8
272	236	5
117	237	1
270	237	8
227	237	8
272	237	5
266	238	1
269	238	8
166	238	8
273	238	5
267	239	1
270	239	8
168	239	8
273	239	5
213	240	8
214	241	8
274	241	5
215	242	8
274	242	5
216	243	8
274	243	5
83	244	8
184	244	8
218	245	8
241	245	8
275	246	6
276	246	2
277	247	6
276	247	2
275	248	6
278	248	2
276	249	6
278	249	6
279	249	6
277	250	6
279	250	2
280	251	6
278	251	2
280	252	6
279	252	2
275	253	1
281	253	2
276	254	1
281	254	6
282	254	6
277	255	1
282	255	2
278	256	1
281	256	6
283	256	6
279	257	1
282	257	6
283	257	6
280	258	1
283	258	2
20	259	9
69	260	5
216	261	8
212	261	5
243	262	8
261	262	8
241	263	1
158	263	8
284	263	5
242	264	1
159	264	8
284	264	5
243	265	1
160	265	8
284	265	5
112	266	8
84	266	8
285	266	5
113	267	8
220	267	8
285	267	5
111	268	1
88	268	8
286	268	5
287	268	5
112	269	1
77	269	8
286	269	5
288	269	5
113	270	1
90	270	8
287	270	5
288	270	5
244	271	1
82	271	8
286	271	8
190	272	1
287	272	8
264	272	8
285	273	1
288	273	8
221	273	8
260	274	8
289	275	2
289	276	6
290	276	6
290	277	2
289	278	6
291	278	6
290	279	6
291	279	6
291	280	2
289	281	1
41	281	6
290	282	1
41	282	6
291	283	1
41	283	6
274	284	1
217	284	8
186	285	8
154	285	8
184	286	1
78	286	8
292	286	5
185	287	1
159	287	8
292	287	5
186	288	1
79	288	8
292	288	5
40	289	6
40	290	6
40	291	6
240	292	1
153	292	8